fecha	objective	metric	first_metric_only	boost_from_average	feature_pre_filter	verbosity	max_depth	min_gain_to_split	lambda_l1	lambda_l2	max_bin	num_iterations	force_row_wise	seed	learning_rate	feature_fraction	min_data_in_leaf	num_leaves	envios	ganancia	ganancia_prom	iteracion
20221002 025321	binary	custom	TRUE	TRUE	FALSE	-100	-1	0	0	0	31	58	TRUE	807299	0.106416873377748	0.499570641517639	4629	636	8573	25660000	25660000	1
20221002 025414	binary	custom	TRUE	TRUE	FALSE	-100	-1	0	0	0	31	92	TRUE	962041	0.106416873377748	0.499570641517639	4629	636	8573	27260000	26460000	2
20221002 025523	binary	custom	TRUE	TRUE	FALSE	-100	-1	0	0	0	31	172	TRUE	705689	0.106416873377748	0.499570641517639	4629	636	8573	26700000	26540000	3
20221002 025634	binary	custom	TRUE	TRUE	FALSE	-100	-1	0	0	0	31	199	TRUE	909463	0.106416873377748	0.499570641517639	4629	636	8573	26060000	26420000	4
20221002 025717	binary	custom	TRUE	TRUE	FALSE	-100	-1	0	0	0	31	81	TRUE	637597	0.106416873377748	0.499570641517639	4629	636	8573	26300000	26396000	5
20221002 025751	binary	custom	TRUE	TRUE	FALSE	-100	-1	0	0	0	31	87	TRUE	807299	0.271798674675811	0.720866785030812	3045	488	9125	25750000	25750000	6
20221002 025813	binary	custom	TRUE	TRUE	FALSE	-100	-1	0	0	0	31	28	TRUE	962041	0.271798674675811	0.720866785030812	3045	488	9125	25350000	25550000	7
20221002 025839	binary	custom	TRUE	TRUE	FALSE	-100	-1	0	0	0	31	42	TRUE	705689	0.271798674675811	0.720866785030812	3045	488	9125	25190000	25430000	8
20221002 025859	binary	custom	TRUE	TRUE	FALSE	-100	-1	0	0	0	31	17	TRUE	909463	0.271798674675811	0.720866785030812	3045	488	9125	26390000	25670000	9
20221002 025918	binary	custom	TRUE	TRUE	FALSE	-100	-1	0	0	0	31	21	TRUE	637597	0.271798674675811	0.720866785030812	3045	488	9125	24870000	25510000	10
20221002 025947	binary	custom	TRUE	TRUE	FALSE	-100	-1	0	0	0	31	41	TRUE	807299	0.217842478352948	0.45996966611594	5301	765	10005	25270000	25270000	11
20221002 030026	binary	custom	TRUE	TRUE	FALSE	-100	-1	0	0	0	31	87	TRUE	962041	0.217842478352948	0.45996966611594	5301	765	10005	25590000	25430000	12
20221002 030107	binary	custom	TRUE	TRUE	FALSE	-100	-1	0	0	0	31	99	TRUE	705689	0.217842478352948	0.45996966611594	5301	765	10005	26710000	25856666.6666667	13
20221002 030136	binary	custom	TRUE	TRUE	FALSE	-100	-1	0	0	0	31	51	TRUE	909463	0.217842478352948	0.45996966611594	5301	765	10005	25270000	25710000	14
20221002 030216	binary	custom	TRUE	TRUE	FALSE	-100	-1	0	0	0	31	96	TRUE	637597	0.217842478352948	0.45996966611594	5301	765	10005	25990000	25766000	15
20221002 030250	binary	custom	TRUE	TRUE	FALSE	-100	-1	0	0	0	31	85	TRUE	807299	0.158215083623829	0.604926390703768	5708	556	13751	24580000	24580000	16
20221002 030319	binary	custom	TRUE	TRUE	FALSE	-100	-1	0	0	0	31	57	TRUE	962041	0.158215083623829	0.604926390703768	5708	556	13751	23860000	24220000	17
20221002 030407	binary	custom	TRUE	TRUE	FALSE	-100	-1	0	0	0	31	144	TRUE	705689	0.158215083623829	0.604926390703768	5708	556	13751	23940000	24126666.6666667	18
20221002 030441	binary	custom	TRUE	TRUE	FALSE	-100	-1	0	0	0	31	85	TRUE	909463	0.158215083623829	0.604926390703768	5708	556	13751	24420000	24200000	19
20221002 030527	binary	custom	TRUE	TRUE	FALSE	-100	-1	0	0	0	31	148	TRUE	637597	0.158215083623829	0.604926390703768	5708	556	13751	24900000	24340000	20
20221002 030556	binary	custom	TRUE	TRUE	FALSE	-100	-1	0	0	0	31	26	TRUE	807299	0.118970092321397	0.317675841264427	2333	911	10806	25350000	25350000	21
20221002 030634	binary	custom	TRUE	TRUE	FALSE	-100	-1	0	0	0	31	60	TRUE	962041	0.118970092321397	0.317675841264427	2333	911	10806	26310000	25830000	22
20221002 030710	binary	custom	TRUE	TRUE	FALSE	-100	-1	0	0	0	31	62	TRUE	705689	0.118970092321397	0.317675841264427	2333	911	10806	26230000	25963333.3333333	23
20221002 030759	binary	custom	TRUE	TRUE	FALSE	-100	-1	0	0	0	31	107	TRUE	909463	0.118970092321397	0.317675841264427	2333	911	10806	25030000	25730000	24
20221002 030835	binary	custom	TRUE	TRUE	FALSE	-100	-1	0	0	0	31	59	TRUE	637597	0.118970092321397	0.317675841264427	2333	911	10806	25270000	25638000	25
20221002 030858	binary	custom	TRUE	TRUE	FALSE	-100	-1	0	0	0	31	51	TRUE	807299	0.207212642167986	0.913971542967484	7574	230	6547	25390000	25390000	26
20221002 030931	binary	custom	TRUE	TRUE	FALSE	-100	-1	0	0	0	31	112	TRUE	962041	0.207212642167986	0.913971542967484	7574	230	6547	25710000	25550000	27
20221002 031007	binary	custom	TRUE	TRUE	FALSE	-100	-1	0	0	0	31	123	TRUE	705689	0.207212642167986	0.913971542967484	7574	230	6547	25630000	25576666.6666667	28
20221002 031036	binary	custom	TRUE	TRUE	FALSE	-100	-1	0	0	0	31	89	TRUE	909463	0.207212642167986	0.913971542967484	7574	230	6547	25710000	25610000	29
20221002 031103	binary	custom	TRUE	TRUE	FALSE	-100	-1	0	0	0	31	75	TRUE	637597	0.207212642167986	0.913971542967484	7574	230	6547	25710000	25630000	30
20221002 031246	binary	custom	TRUE	TRUE	FALSE	-100	-1	0	0	0	31	110	TRUE	807299	0.196563862916897	0.273954445999116	139	597	6262	23800000	23800000	31
20221002 031431	binary	custom	TRUE	TRUE	FALSE	-100	-1	0	0	0	31	120	TRUE	962041	0.196563862916897	0.273954445999116	139	597	6262	24360000	24080000	32
20221002 031553	binary	custom	TRUE	TRUE	FALSE	-100	-1	0	0	0	31	56	TRUE	705689	0.196563862916897	0.273954445999116	139	597	6262	23640000	23933333.3333333	33
20221002 031739	binary	custom	TRUE	TRUE	FALSE	-100	-1	0	0	0	31	119	TRUE	909463	0.196563862916897	0.273954445999116	139	597	6262	25400000	24300000	34
20221002 031919	binary	custom	TRUE	TRUE	FALSE	-100	-1	0	0	0	31	104	TRUE	637597	0.196563862916897	0.273954445999116	139	597	6262	23640000	24168000	35
20221002 032146	binary	custom	TRUE	TRUE	FALSE	-100	-1	0	0	0	31	440	TRUE	807299	0.0170419351102319	0.872806178992614	5139	300	11670	25780000	25780000	36
20221002 032520	binary	custom	TRUE	TRUE	FALSE	-100	-1	0	0	0	31	817	TRUE	962041	0.0170419351102319	0.872806178992614	5139	300	11670	25940000	25860000	37
20221002 032804	binary	custom	TRUE	TRUE	FALSE	-100	-1	0	0	0	31	508	TRUE	705689	0.0170419351102319	0.872806178992614	5139	300	11670	25860000	25860000	38
20221002 033237	binary	custom	TRUE	TRUE	FALSE	-100	-1	0	0	0	31	1116	TRUE	909463	0.0170419351102319	0.872806178992614	5139	300	11670	25860000	25860000	39
20221002 033418	binary	custom	TRUE	TRUE	FALSE	-100	-1	0	0	0	31	195	TRUE	637597	0.0170419351102319	0.872806178992614	5139	300	11670	25060000	25700000	40
20221002 033604	binary	custom	TRUE	TRUE	FALSE	-100	-1	0	0	0	31	274	TRUE	807299	0.0421751978814718	0.210650037592277	1375	319	8353	26660000	26660000	41
20221002 033719	binary	custom	TRUE	TRUE	FALSE	-100	-1	0	0	0	31	145	TRUE	962041	0.0421751978814718	0.210650037592277	1375	319	8353	27220000	26940000	42
20221002 033826	binary	custom	TRUE	TRUE	FALSE	-100	-1	0	0	0	31	109	TRUE	705689	0.0421751978814718	0.210650037592277	1375	319	8353	26980000	26953333.3333333	43
20221002 033922	binary	custom	TRUE	TRUE	FALSE	-100	-1	0	0	0	31	61	TRUE	909463	0.0421751978814718	0.210650037592277	1375	319	8353	26340000	26800000	44
20221002 034019	binary	custom	TRUE	TRUE	FALSE	-100	-1	0	0	0	31	70	TRUE	637597	0.0421751978814718	0.210650037592277	1375	319	8353	26820000	26804000	45
20221002 034052	binary	custom	TRUE	TRUE	FALSE	-100	-1	0	0	0	31	65	TRUE	807299	0.230816495650797	0.587548887068406	4011	390	7130	25340000	25340000	46
20221002 034126	binary	custom	TRUE	TRUE	FALSE	-100	-1	0	0	0	31	63	TRUE	962041	0.230816495650797	0.587548887068406	4011	390	7130	25500000	25420000	47
20221002 034206	binary	custom	TRUE	TRUE	FALSE	-100	-1	0	0	0	31	90	TRUE	705689	0.230816495650797	0.587548887068406	4011	390	7130	24860000	25233333.3333333	48
20221002 034232	binary	custom	TRUE	TRUE	FALSE	-100	-1	0	0	0	31	40	TRUE	909463	0.230816495650797	0.587548887068406	4011	390	7130	25260000	25240000	49
20221002 034300	binary	custom	TRUE	TRUE	FALSE	-100	-1	0	0	0	31	42	TRUE	637597	0.230816495650797	0.587548887068406	4011	390	7130	24540000	25100000	50
20221002 034326	binary	custom	TRUE	TRUE	FALSE	-100	-1	0	0	0	31	35	TRUE	807299	0.174796056090912	0.781554244142026	3525	1016	14499	23330000	23330000	51
20221002 034349	binary	custom	TRUE	TRUE	FALSE	-100	-1	0	0	0	31	32	TRUE	962041	0.174796056090912	0.781554244142026	3525	1016	14499	23570000	23450000	52
20221002 034419	binary	custom	TRUE	TRUE	FALSE	-100	-1	0	0	0	31	57	TRUE	705689	0.174796056090912	0.781554244142026	3525	1016	14499	23170000	23356666.6666667	53
20221002 034451	binary	custom	TRUE	TRUE	FALSE	-100	-1	0	0	0	31	66	TRUE	909463	0.174796056090912	0.781554244142026	3525	1016	14499	23090000	23290000	54
20221002 034521	binary	custom	TRUE	TRUE	FALSE	-100	-1	0	0	0	31	50	TRUE	637597	0.174796056090912	0.781554244142026	3525	1016	14499	22850000	23202000	55
20221002 034800	binary	custom	TRUE	TRUE	FALSE	-100	-1	0	0	0	31	278	TRUE	807299	0.0297211868779268	0.539397476334125	1166	680	14711	23700000	23700000	56
20221002 035214	binary	custom	TRUE	TRUE	FALSE	-100	-1	0	0	0	31	566	TRUE	962041	0.0297211868779268	0.539397476334125	1166	680	14711	23300000	23500000	57
20221002 035512	binary	custom	TRUE	TRUE	FALSE	-100	-1	0	0	0	31	329	TRUE	705689	0.0297211868779268	0.539397476334125	1166	680	14711	23940000	23646666.6666667	58
20221002 035736	binary	custom	TRUE	TRUE	FALSE	-100	-1	0	0	0	31	222	TRUE	909463	0.0297211868779268	0.539397476334125	1166	680	14711	23220000	23540000	59
20221002 035949	binary	custom	TRUE	TRUE	FALSE	-100	-1	0	0	0	31	193	TRUE	637597	0.0297211868779268	0.539397476334125	1166	680	14711	23860000	23604000	60
20221002 040042	binary	custom	TRUE	TRUE	FALSE	-100	-1	0	0	0	31	163	TRUE	807299	0.139834028364567	0.333971317131072	7726	177	12659	25250000	25250000	61
20221002 040118	binary	custom	TRUE	TRUE	FALSE	-100	-1	0	0	0	31	100	TRUE	962041	0.139834028364567	0.333971317131072	7726	177	12659	24610000	24930000	62
20221002 040201	binary	custom	TRUE	TRUE	FALSE	-100	-1	0	0	0	31	126	TRUE	705689	0.139834028364567	0.333971317131072	7726	177	12659	24850000	24903333.3333333	63
20221002 040259	binary	custom	TRUE	TRUE	FALSE	-100	-1	0	0	0	31	203	TRUE	909463	0.139834028364567	0.333971317131072	7726	177	12659	25410000	25030000	64
20221002 040337	binary	custom	TRUE	TRUE	FALSE	-100	-1	0	0	0	31	109	TRUE	637597	0.139834028364567	0.333971317131072	7726	177	12659	24770000	24978000	65
20221002 040419	binary	custom	TRUE	TRUE	FALSE	-100	-1	0	0	0	31	85	TRUE	807299	0.0507365962683689	0.702162578245625	6991	96	5575	24290000	24290000	66
20221002 040506	binary	custom	TRUE	TRUE	FALSE	-100	-1	0	0	0	31	104	TRUE	962041	0.0507365962683689	0.702162578245625	6991	96	5575	24210000	24250000	67
20221002 040555	binary	custom	TRUE	TRUE	FALSE	-100	-1	0	0	0	31	126	TRUE	705689	0.0507365962683689	0.702162578245625	6991	96	5575	24770000	24423333.3333333	68
20221002 040701	binary	custom	TRUE	TRUE	FALSE	-100	-1	0	0	0	31	213	TRUE	909463	0.0507365962683689	0.702162578245625	6991	96	5575	24930000	24550000	69
20221002 040749	binary	custom	TRUE	TRUE	FALSE	-100	-1	0	0	0	31	110	TRUE	637597	0.0507365962683689	0.702162578245625	6991	96	5575	24210000	24482000	70
20221002 040807	binary	custom	TRUE	TRUE	FALSE	-100	-1	0	0	0	31	12	TRUE	807299	0.266188048198179	0.988250497542322	3633	152	12480	24400000	24400000	71
20221002 040826	binary	custom	TRUE	TRUE	FALSE	-100	-1	0	0	0	31	19	TRUE	962041	0.266188048198179	0.988250497542322	3633	152	12480	24800000	24600000	72
20221002 040844	binary	custom	TRUE	TRUE	FALSE	-100	-1	0	0	0	31	15	TRUE	705689	0.266188048198179	0.988250497542322	3633	152	12480	23760000	24320000	73
20221002 040907	binary	custom	TRUE	TRUE	FALSE	-100	-1	0	0	0	31	38	TRUE	909463	0.266188048198179	0.988250497542322	3633	152	12480	24560000	24380000	74
20221002 040926	binary	custom	TRUE	TRUE	FALSE	-100	-1	0	0	0	31	18	TRUE	637597	0.266188048198179	0.988250497542322	3633	152	12480	24080000	24320000	75
20221002 041004	binary	custom	TRUE	TRUE	FALSE	-100	-1	0	0	0	31	50	TRUE	807299	0.0810715321076568	0.946652049748227	2689	789	7684	25680000	25680000	76
20221002 041039	binary	custom	TRUE	TRUE	FALSE	-100	-1	0	0	0	31	32	TRUE	962041	0.0810715321076568	0.946652049748227	2689	789	7684	25600000	25640000	77
20221002 041120	binary	custom	TRUE	TRUE	FALSE	-100	-1	0	0	0	31	60	TRUE	705689	0.0810715321076568	0.946652049748227	2689	789	7684	26320000	25866666.6666667	78
20221002 041204	binary	custom	TRUE	TRUE	FALSE	-100	-1	0	0	0	31	86	TRUE	909463	0.0810715321076568	0.946652049748227	2689	789	7684	25520000	25780000	79
20221002 041243	binary	custom	TRUE	TRUE	FALSE	-100	-1	0	0	0	31	51	TRUE	637597	0.0810715321076568	0.946652049748227	2689	789	7684	25760000	25776000	80
20221002 041325	binary	custom	TRUE	TRUE	FALSE	-100	-1	0	0	0	31	73	TRUE	807299	0.247783844016492	0.394017438469455	1689	439	13122	23280000	23280000	81
20221002 041353	binary	custom	TRUE	TRUE	FALSE	-100	-1	0	0	0	31	33	TRUE	962041	0.247783844016492	0.394017438469455	1689	439	13122	23600000	23440000	82
20221002 041417	binary	custom	TRUE	TRUE	FALSE	-100	-1	0	0	0	31	14	TRUE	705689	0.247783844016492	0.394017438469455	1689	439	13122	24240000	23706666.6666667	83
20221002 041457	binary	custom	TRUE	TRUE	FALSE	-100	-1	0	0	0	31	73	TRUE	909463	0.247783844016492	0.394017438469455	1689	439	13122	24480000	23900000	84
20221002 041530	binary	custom	TRUE	TRUE	FALSE	-100	-1	0	0	0	31	36	TRUE	637597	0.247783844016492	0.394017438469455	1689	439	13122	23440000	23808000	85
20221002 041551	binary	custom	TRUE	TRUE	FALSE	-100	-1	0	0	0	31	41	TRUE	807299	0.295755137179745	0.822772638658062	6641	942	11222	25800000	25800000	86
20221002 041613	binary	custom	TRUE	TRUE	FALSE	-100	-1	0	0	0	31	56	TRUE	962041	0.295755137179745	0.822772638658062	6641	942	11222	25560000	25680000	87
20221002 041628	binary	custom	TRUE	TRUE	FALSE	-100	-1	0	0	0	31	14	TRUE	705689	0.295755137179745	0.822772638658062	6641	942	11222	25240000	25533333.3333333	88
20221002 041647	binary	custom	TRUE	TRUE	FALSE	-100	-1	0	0	0	31	29	TRUE	909463	0.295755137179745	0.822772638658062	6641	942	11222	25320000	25480000	89
20221002 041704	binary	custom	TRUE	TRUE	FALSE	-100	-1	0	0	0	31	23	TRUE	637597	0.295755137179745	0.822772638658062	6641	942	11222	2.5e+07	25384000	90
20221002 041723	binary	custom	TRUE	TRUE	FALSE	-100	-1	0	0	0	31	33	TRUE	807299	0.127119671164721	0.67413346644491	752	20	5361	23920000	23920000	91
20221002 041743	binary	custom	TRUE	TRUE	FALSE	-100	-1	0	0	0	31	48	TRUE	962041	0.127119671164721	0.67413346644491	752	20	5361	23840000	23880000	92
20221002 041803	binary	custom	TRUE	TRUE	FALSE	-100	-1	0	0	0	31	50	TRUE	705689	0.127119671164721	0.67413346644491	752	20	5361	24080000	23946666.6666667	93
20221002 041822	binary	custom	TRUE	TRUE	FALSE	-100	-1	0	0	0	31	49	TRUE	909463	0.127119671164721	0.67413346644491	752	20	5361	23600000	23860000	94
20221002 041839	binary	custom	TRUE	TRUE	FALSE	-100	-1	0	0	0	31	42	TRUE	637597	0.127119671164721	0.67413346644491	752	20	5361	23040000	23696000	95
20221002 042017	binary	custom	TRUE	TRUE	FALSE	-100	-1	0	0	0	31	310	TRUE	807299	0.0641467188486131	0.43093021908775	6337	831	9987	26430000	26430000	96
20221002 042128	binary	custom	TRUE	TRUE	FALSE	-100	-1	0	0	0	31	186	TRUE	962041	0.0641467188486131	0.43093021908775	6337	831	9987	26110000	26270000	97
20221002 042305	binary	custom	TRUE	TRUE	FALSE	-100	-1	0	0	0	31	306	TRUE	705689	0.0641467188486131	0.43093021908775	6337	831	9987	26670000	26403333.3333333	98
20221002 042432	binary	custom	TRUE	TRUE	FALSE	-100	-1	0	0	0	31	260	TRUE	909463	0.0641467188486131	0.43093021908775	6337	831	9987	26670000	26470000	99
20221002 042603	binary	custom	TRUE	TRUE	FALSE	-100	-1	0	0	0	31	291	TRUE	637597	0.0641467188486131	0.43093021908775	6337	831	9987	26910000	26558000	100
20221002 043150	binary	custom	TRUE	TRUE	FALSE	-100	-1	0	0	0	31	680	TRUE	807299	0.00520628419663428	0.200179817575823	2483	345	9054	26460000	26460000	101
20221002 043852	binary	custom	TRUE	TRUE	FALSE	-100	-1	0	0	0	31	1071	TRUE	962041	0.00520628419663428	0.200179817575823	2483	345	9054	26940000	26700000	102
20221002 044611	binary	custom	TRUE	TRUE	FALSE	-100	-1	0	0	0	31	1127	TRUE	705689	0.00520628419663428	0.200179817575823	2483	345	9054	27020000	26806666.6666667	103
20221002 045227	binary	custom	TRUE	TRUE	FALSE	-100	-1	0	0	0	31	839	TRUE	909463	0.00520628419663428	0.200179817575823	2483	345	9054	26140000	26640000	104
20221002 045942	binary	custom	TRUE	TRUE	FALSE	-100	-1	0	0	0	31	1109	TRUE	637597	0.00520628419663428	0.200179817575823	2483	345	9054	26860000	26684000	105
20221002 050125	binary	custom	TRUE	TRUE	FALSE	-100	-1	0	0	0	31	438	TRUE	807299	0.0469503447052239	0.920766608807315	7993	398	8697	26850000	26850000	106
20221002 050232	binary	custom	TRUE	TRUE	FALSE	-100	-1	0	0	0	31	219	TRUE	962041	0.0469503447052239	0.920766608807315	7993	398	8697	26290000	26570000	107
20221002 050340	binary	custom	TRUE	TRUE	FALSE	-100	-1	0	0	0	31	246	TRUE	705689	0.0469503447052239	0.920766608807315	7993	398	8697	26610000	26583333.3333333	108
20221002 050507	binary	custom	TRUE	TRUE	FALSE	-100	-1	0	0	0	31	341	TRUE	909463	0.0469503447052239	0.920766608807315	7993	398	8697	25570000	26330000	109
20221002 050633	binary	custom	TRUE	TRUE	FALSE	-100	-1	0	0	0	31	362	TRUE	637597	0.0469503447052239	0.920766608807315	7993	398	8697	27090000	26482000	110
20221002 051909	binary	custom	TRUE	TRUE	FALSE	-100	-1	0	0	0	31	581	TRUE	807299	0.00566669334994859	0.214886035110081	8	429	8675	26570000	26570000	111
20221002 053233	binary	custom	TRUE	TRUE	FALSE	-100	-1	0	0	0	31	700	TRUE	962041	0.00566669334994859	0.214886035110081	8	429	8675	27050000	26810000	112
20221002 054357	binary	custom	TRUE	TRUE	FALSE	-100	-1	0	0	0	31	449	TRUE	705689	0.00566669334994859	0.214886035110081	8	429	8675	26970000	26863333.3333333	113
20221002 060237	binary	custom	TRUE	TRUE	FALSE	-100	-1	0	0	0	31	1328	TRUE	909463	0.00566669334994859	0.214886035110081	8	429	8675	26650000	26810000	114
20221002 061353	binary	custom	TRUE	TRUE	FALSE	-100	-1	0	0	0	31	432	TRUE	637597	0.00566669334994859	0.214886035110081	8	429	8675	26730000	26794000	115
20221002 061622	binary	custom	TRUE	TRUE	FALSE	-100	-1	0	0	0	31	514	TRUE	807299	0.0171536688751677	0.213092957155965	7675	862	8509	26510000	26510000	116
20221002 061838	binary	custom	TRUE	TRUE	FALSE	-100	-1	0	0	0	31	431	TRUE	962041	0.0171536688751677	0.213092957155965	7675	862	8509	26430000	26470000	117
20221002 062131	binary	custom	TRUE	TRUE	FALSE	-100	-1	0	0	0	31	630	TRUE	705689	0.0171536688751677	0.213092957155965	7675	862	8509	26750000	26563333.3333333	118
20221002 062506	binary	custom	TRUE	TRUE	FALSE	-100	-1	0	0	0	31	868	TRUE	909463	0.0171536688751677	0.213092957155965	7675	862	8509	26670000	26590000	119
20221002 062717	binary	custom	TRUE	TRUE	FALSE	-100	-1	0	0	0	31	382	TRUE	637597	0.0171536688751677	0.213092957155965	7675	862	8509	26750000	26622000	120
20221002 062929	binary	custom	TRUE	TRUE	FALSE	-100	-1	0	0	0	31	297	TRUE	807299	0.0120277448029332	0.200084984008427	412	39	8536	26610000	26610000	121
20221002 063119	binary	custom	TRUE	TRUE	FALSE	-100	-1	0	0	0	31	215	TRUE	962041	0.0120277448029332	0.200084984008427	412	39	8536	27010000	26810000	122
20221002 063342	binary	custom	TRUE	TRUE	FALSE	-100	-1	0	0	0	31	350	TRUE	705689	0.0120277448029332	0.200084984008427	412	39	8536	27410000	27010000	123
20221002 063643	binary	custom	TRUE	TRUE	FALSE	-100	-1	0	0	0	31	683	TRUE	909463	0.0120277448029332	0.200084984008427	412	39	8536	26850000	26970000	124
20221002 063842	binary	custom	TRUE	TRUE	FALSE	-100	-1	0	0	0	31	286	TRUE	637597	0.0120277448029332	0.200084984008427	412	39	8536	27330000	27042000	125
20221002 064708	binary	custom	TRUE	TRUE	FALSE	-100	-1	0	0	0	31	1074	TRUE	807299	0.00525615530368289	0.468217739201665	96	81	8684	27360000	27360000	126
20221002 065946	binary	custom	TRUE	TRUE	FALSE	-100	-1	0	0	0	31	2183	TRUE	962041	0.00525615530368289	0.468217739201665	96	81	8684	27120000	27240000	127
20221002 070611	binary	custom	TRUE	TRUE	FALSE	-100	-1	0	0	0	31	597	TRUE	705689	0.00525615530368289	0.468217739201665	96	81	8684	27120000	27200000	128
20221002 071435	binary	custom	TRUE	TRUE	FALSE	-100	-1	0	0	0	31	1113	TRUE	909463	0.00525615530368289	0.468217739201665	96	81	8684	26800000	27100000	129
20221002 071847	binary	custom	TRUE	TRUE	FALSE	-100	-1	0	0	0	31	39	TRUE	637597	0.00525615530368289	0.468217739201665	96	81	8684	27120000	27104000	130
20221002 071942	binary	custom	TRUE	TRUE	FALSE	-100	-1	0	0	0	31	106	TRUE	807299	0.0337812911165746	0.416588734959575	43	18	9216	26850000	26850000	131
20221002 072044	binary	custom	TRUE	TRUE	FALSE	-100	-1	0	0	0	31	162	TRUE	962041	0.0337812911165746	0.416588734959575	43	18	9216	26290000	26570000	132
20221002 072158	binary	custom	TRUE	TRUE	FALSE	-100	-1	0	0	0	31	203	TRUE	705689	0.0337812911165746	0.416588734959575	43	18	9216	27570000	26903333.3333333	133
20221002 072250	binary	custom	TRUE	TRUE	FALSE	-100	-1	0	0	0	31	92	TRUE	909463	0.0337812911165746	0.416588734959575	43	18	9216	26370000	26770000	134
20221002 072353	binary	custom	TRUE	TRUE	FALSE	-100	-1	0	0	0	31	185	TRUE	637597	0.0337812911165746	0.416588734959575	43	18	9216	26610000	26738000	135
20221002 073039	binary	custom	TRUE	TRUE	FALSE	-100	-1	0	0	0	31	1256	TRUE	807299	0.00549447515485878	0.413103324607956	6080	16	8434	26820000	26820000	136
20221002 073827	binary	custom	TRUE	TRUE	FALSE	-100	-1	0	0	0	31	1667	TRUE	962041	0.00549447515485878	0.413103324607956	6080	16	8434	26820000	26820000	137
20221002 074502	binary	custom	TRUE	TRUE	FALSE	-100	-1	0	0	0	31	1265	TRUE	705689	0.00549447515485878	0.413103324607956	6080	16	8434	26740000	26793333.3333333	138
20221002 075102	binary	custom	TRUE	TRUE	FALSE	-100	-1	0	0	0	31	1036	TRUE	909463	0.00549447515485878	0.413103324607956	6080	16	8434	26180000	26640000	139
20221002 075738	binary	custom	TRUE	TRUE	FALSE	-100	-1	0	0	0	31	1260	TRUE	637597	0.00549447515485878	0.413103324607956	6080	16	8434	26740000	26660000	140
20221002 080959	binary	custom	TRUE	TRUE	FALSE	-100	-1	0	0	0	31	2368	TRUE	807299	0.00541408090019292	0.543085063622354	696	42	8520	26880000	26880000	141
20221002 081846	binary	custom	TRUE	TRUE	FALSE	-100	-1	0	0	0	31	1450	TRUE	962041	0.00541408090019292	0.543085063622354	696	42	8520	26720000	26800000	142
20221002 082621	binary	custom	TRUE	TRUE	FALSE	-100	-1	0	0	0	31	1095	TRUE	705689	0.00541408090019292	0.543085063622354	696	42	8520	27280000	26960000	143
20221002 093926	binary	custom	TRUE	TRUE	FALSE	-100	-1	0	0	0	31	578	TRUE	807299	0.00500079115835055	0.699924452962964	69	21	8507	26670000	26670000	144
20221002 094229	binary	custom	TRUE	TRUE	FALSE	-100	-1	0	0	0	31	430	TRUE	962041	0.00500079115835055	0.699924452962964	69	21	8507	26670000	26670000	145
20221002 094700	binary	custom	TRUE	TRUE	FALSE	-100	-1	0	0	0	31	1070	TRUE	705689	0.00500079115835055	0.699924452962964	69	21	8507	27230000	26856666.6666667	146
20221002 095251	binary	custom	TRUE	TRUE	FALSE	-100	-1	0	0	0	31	1850	TRUE	909463	0.00500079115835055	0.699924452962964	69	21	8507	26830000	26850000	147
20221002 095702	binary	custom	TRUE	TRUE	FALSE	-100	-1	0	0	0	31	932	TRUE	637597	0.00500079115835055	0.699924452962964	69	21	8507	27390000	26958000	148
20221002 100955	binary	custom	TRUE	TRUE	FALSE	-100	-1	0	0	0	31	2352	TRUE	807299	0.00505144217031852	0.453574414383704	7998	258	10387	26270000	26270000	149
20221002 101713	binary	custom	TRUE	TRUE	FALSE	-100	-1	0	0	0	31	880	TRUE	962041	0.00505144217031852	0.453574414383704	7998	258	10387	25550000	25910000	150
20221002 103359	binary	custom	TRUE	TRUE	FALSE	-100	-1	0	0	0	31	3218	TRUE	705689	0.00505144217031852	0.453574414383704	7998	258	10387	26430000	26083333.3333333	151
20221002 105038	binary	custom	TRUE	TRUE	FALSE	-100	-1	0	0	0	31	3203	TRUE	909463	0.00505144217031852	0.453574414383704	7998	258	10387	26990000	26310000	152
20221002 111616	binary	custom	TRUE	TRUE	FALSE	-100	-1	0	0	0	31	5381	TRUE	637597	0.00505144217031852	0.453574414383704	7998	258	10387	27390000	26526000	153
20221002 112814	binary	custom	TRUE	TRUE	FALSE	-100	-1	0	0	0	31	1744	TRUE	807299	0.0051743504746265	0.467313005466814	934	62	8542	2.7e+07	2.7e+07	154
20221002 113943	binary	custom	TRUE	TRUE	FALSE	-100	-1	0	0	0	31	1703	TRUE	962041	0.0051743504746265	0.467313005466814	934	62	8542	27160000	27080000	155
20221002 114717	binary	custom	TRUE	TRUE	FALSE	-100	-1	0	0	0	31	777	TRUE	705689	0.0051743504746265	0.467313005466814	934	62	8542	27400000	27186666.6666667	156
20221002 120115	binary	custom	TRUE	TRUE	FALSE	-100	-1	0	0	0	31	2319	TRUE	909463	0.0051743504746265	0.467313005466814	934	62	8542	26840000	27100000	157
20221002 120755	binary	custom	TRUE	TRUE	FALSE	-100	-1	0	0	0	31	563	TRUE	637597	0.0051743504746265	0.467313005466814	934	62	8542	26840000	27048000	158
20221002 121513	binary	custom	TRUE	TRUE	FALSE	-100	-1	0	0	0	31	572	TRUE	807299	0.00609552460553284	0.998642965552392	247	141	8783	26760000	26760000	159
20221002 122336	binary	custom	TRUE	TRUE	FALSE	-100	-1	0	0	0	31	802	TRUE	962041	0.00609552460553284	0.998642965552392	247	141	8783	26520000	26640000	160
20221002 123511	binary	custom	TRUE	TRUE	FALSE	-100	-1	0	0	0	31	1454	TRUE	705689	0.00609552460553284	0.998642965552392	247	141	8783	27080000	26786666.6666667	161
20221002 124111	binary	custom	TRUE	TRUE	FALSE	-100	-1	0	0	0	31	331	TRUE	909463	0.00609552460553284	0.998642965552392	247	141	8783	26600000	26740000	162
20221002 125558	binary	custom	TRUE	TRUE	FALSE	-100	-1	0	0	0	31	2155	TRUE	637597	0.00609552460553284	0.998642965552392	247	141	8783	27320000	26856000	163
20221002 131012	binary	custom	TRUE	TRUE	FALSE	-100	-1	0	0	0	31	3449	TRUE	807299	0.00525099974723126	0.94473070597984	7993	1024	10270	26580000	26580000	164
20221002 131604	binary	custom	TRUE	TRUE	FALSE	-100	-1	0	0	0	31	832	TRUE	962041	0.00525099974723126	0.94473070597984	7993	1024	10270	25620000	26100000	165
20221002 132335	binary	custom	TRUE	TRUE	FALSE	-100	-1	0	0	0	31	1285	TRUE	705689	0.00525099974723126	0.94473070597984	7993	1024	10270	25780000	25993333.3333333	166
20221002 134135	binary	custom	TRUE	TRUE	FALSE	-100	-1	0	0	0	31	4327	TRUE	909463	0.00525099974723126	0.94473070597984	7993	1024	10270	26740000	26180000	167
20221002 134906	binary	custom	TRUE	TRUE	FALSE	-100	-1	0	0	0	31	1062	TRUE	637597	0.00525099974723126	0.94473070597984	7993	1024	10270	25860000	26116000	168
20221002 135011	binary	custom	TRUE	TRUE	FALSE	-100	-1	0	0	0	31	153	TRUE	807299	0.0822289446150829	0.212093672322122	7999	221	8587	26590000	26590000	169
20221002 135049	binary	custom	TRUE	TRUE	FALSE	-100	-1	0	0	0	31	77	TRUE	962041	0.0822289446150829	0.212093672322122	7999	221	8587	26430000	26510000	170
20221002 135138	binary	custom	TRUE	TRUE	FALSE	-100	-1	0	0	0	31	137	TRUE	705689	0.0822289446150829	0.212093672322122	7999	221	8587	26830000	26616666.6666667	171
20221002 135221	binary	custom	TRUE	TRUE	FALSE	-100	-1	0	0	0	31	101	TRUE	909463	0.0822289446150829	0.212093672322122	7999	221	8587	25950000	26450000	172
20221002 135300	binary	custom	TRUE	TRUE	FALSE	-100	-1	0	0	0	31	90	TRUE	637597	0.0822289446150829	0.212093672322122	7999	221	8587	26270000	26414000	173
20221002 135726	binary	custom	TRUE	TRUE	FALSE	-100	-1	0	0	0	31	690	TRUE	807299	0.00895073371986516	0.46710057742027	2	18	8639	27050000	27050000	174
20221002 140016	binary	custom	TRUE	TRUE	FALSE	-100	-1	0	0	0	31	251	TRUE	962041	0.00895073371986516	0.46710057742027	2	18	8639	26730000	26890000	175
20221002 140452	binary	custom	TRUE	TRUE	FALSE	-100	-1	0	0	0	31	807	TRUE	705689	0.00895073371986516	0.46710057742027	2	18	8639	27530000	27103333.3333333	176
20221002 141033	binary	custom	TRUE	TRUE	FALSE	-100	-1	0	0	0	31	1157	TRUE	909463	0.00895073371986516	0.46710057742027	2	18	8639	27290000	27150000	177
20221002 141508	binary	custom	TRUE	TRUE	FALSE	-100	-1	0	0	0	31	816	TRUE	637597	0.00895073371986516	0.46710057742027	2	18	8639	27050000	27130000	178
20221002 141553	binary	custom	TRUE	TRUE	FALSE	-100	-1	0	0	0	31	45	TRUE	807299	0.0433046137278742	0.467656175928128	4	17	8667	25870000	25870000	179
20221002 141632	binary	custom	TRUE	TRUE	FALSE	-100	-1	0	0	0	31	32	TRUE	962041	0.0433046137278742	0.467656175928128	4	17	8667	25870000	25870000	180
20221002 141717	binary	custom	TRUE	TRUE	FALSE	-100	-1	0	0	0	31	53	TRUE	705689	0.0433046137278742	0.467656175928128	4	17	8667	26830000	26190000	181
20221002 141806	binary	custom	TRUE	TRUE	FALSE	-100	-1	0	0	0	31	80	TRUE	909463	0.0433046137278742	0.467656175928128	4	17	8667	25870000	26110000	182
20221002 141855	binary	custom	TRUE	TRUE	FALSE	-100	-1	0	0	0	31	74	TRUE	637597	0.0433046137278742	0.467656175928128	4	17	8667	26190000	26126000	183
20221002 142004	binary	custom	TRUE	TRUE	FALSE	-100	-1	0	0	0	31	261	TRUE	807299	0.100630870231678	0.200697515625359	8000	818	8721	26560000	26560000	184
20221002 142042	binary	custom	TRUE	TRUE	FALSE	-100	-1	0	0	0	31	93	TRUE	962041	0.100630870231678	0.200697515625359	8000	818	8721	26320000	26440000	185
20221002 142137	binary	custom	TRUE	TRUE	FALSE	-100	-1	0	0	0	31	195	TRUE	705689	0.100630870231678	0.200697515625359	8000	818	8721	26880000	26586666.6666667	186
20221002 142211	binary	custom	TRUE	TRUE	FALSE	-100	-1	0	0	0	31	71	TRUE	909463	0.100630870231678	0.200697515625359	8000	818	8721	25440000	26300000	187
20221002 142255	binary	custom	TRUE	TRUE	FALSE	-100	-1	0	0	0	31	125	TRUE	637597	0.100630870231678	0.200697515625359	8000	818	8721	25920000	26224000	188
20221002 142525	binary	custom	TRUE	TRUE	FALSE	-100	-1	0	0	0	31	471	TRUE	807299	0.0329419344019602	0.362314362055711	7969	496	9044	26880000	26880000	189
20221002 142752	binary	custom	TRUE	TRUE	FALSE	-100	-1	0	0	0	31	474	TRUE	962041	0.0329419344019602	0.362314362055711	7969	496	9044	26480000	26680000	190
20221002 143159	binary	custom	TRUE	TRUE	FALSE	-100	-1	0	0	0	31	953	TRUE	705689	0.0329419344019602	0.362314362055711	7969	496	9044	27360000	26906666.6666667	191
20221002 143351	binary	custom	TRUE	TRUE	FALSE	-100	-1	0	0	0	31	293	TRUE	909463	0.0329419344019602	0.362314362055711	7969	496	9044	2.6e+07	26680000	192
20221002 143553	binary	custom	TRUE	TRUE	FALSE	-100	-1	0	0	0	31	347	TRUE	637597	0.0329419344019602	0.362314362055711	7969	496	9044	26400000	26624000	193
20221002 143912	binary	custom	TRUE	TRUE	FALSE	-100	-1	0	0	0	31	261	TRUE	807299	0.0320400685863949	0.201535929375047	410	1023	8271	26820000	26820000	194
20221002 144116	binary	custom	TRUE	TRUE	FALSE	-100	-1	0	0	0	31	92	TRUE	962041	0.0320400685863949	0.201535929375047	410	1023	8271	26980000	26900000	195
20221002 144425	binary	custom	TRUE	TRUE	FALSE	-100	-1	0	0	0	31	249	TRUE	705689	0.0320400685863949	0.201535929375047	410	1023	8271	27060000	26953333.3333333	196
20221002 144907	binary	custom	TRUE	TRUE	FALSE	-100	-1	0	0	0	31	453	TRUE	909463	0.0320400685863949	0.201535929375047	410	1023	8271	27300000	27040000	197
20221002 145125	binary	custom	TRUE	TRUE	FALSE	-100	-1	0	0	0	31	121	TRUE	637597	0.0320400685863949	0.201535929375047	410	1023	8271	26980000	27028000	198
20221002 145220	binary	custom	TRUE	TRUE	FALSE	-100	-1	0	0	0	31	99	TRUE	807299	0.0495680557826783	0.200628060732757	4454	1024	8389	25950000	25950000	199
20221002 145402	binary	custom	TRUE	TRUE	FALSE	-100	-1	0	0	0	31	370	TRUE	962041	0.0495680557826783	0.200628060732757	4454	1024	8389	26750000	26350000	200
20221002 145453	binary	custom	TRUE	TRUE	FALSE	-100	-1	0	0	0	31	101	TRUE	705689	0.0495680557826783	0.200628060732757	4454	1024	8389	26830000	26510000	201
20221002 145558	binary	custom	TRUE	TRUE	FALSE	-100	-1	0	0	0	31	171	TRUE	909463	0.0495680557826783	0.200628060732757	4454	1024	8389	26350000	26470000	202
20221002 145717	binary	custom	TRUE	TRUE	FALSE	-100	-1	0	0	0	31	248	TRUE	637597	0.0495680557826783	0.200628060732757	4454	1024	8389	26910000	26558000	203
20221002 150535	binary	custom	TRUE	TRUE	FALSE	-100	-1	0	0	0	31	489	TRUE	807299	0.0294489866175191	0.202956448898357	1	801	8581	2.5e+07	2.5e+07	204
20221002 151310	binary	custom	TRUE	TRUE	FALSE	-100	-1	0	0	0	31	392	TRUE	962041	0.0294489866175191	0.202956448898357	1	801	8581	25480000	25240000	205
20221002 152104	binary	custom	TRUE	TRUE	FALSE	-100	-1	0	0	0	31	449	TRUE	705689	0.0294489866175191	0.202956448898357	1	801	8581	25960000	25480000	206
20221002 152917	binary	custom	TRUE	TRUE	FALSE	-100	-1	0	0	0	31	496	TRUE	909463	0.0294489866175191	0.202956448898357	1	801	8581	2.5e+07	25360000	207
20221002 153659	binary	custom	TRUE	TRUE	FALSE	-100	-1	0	0	0	31	411	TRUE	637597	0.0294489866175191	0.202956448898357	1	801	8581	24680000	25224000	208
20221002 154337	binary	custom	TRUE	TRUE	FALSE	-100	-1	0	0	0	31	986	TRUE	807299	0.00503399693417916	0.358773681488395	930	17	9926	26470000	26470000	209
20221002 154915	binary	custom	TRUE	TRUE	FALSE	-100	-1	0	0	0	31	752	TRUE	962041	0.00503399693417916	0.358773681488395	930	17	9926	26470000	26470000	210
20221002 155607	binary	custom	TRUE	TRUE	FALSE	-100	-1	0	0	0	31	1194	TRUE	705689	0.00503399693417916	0.358773681488395	930	17	9926	26870000	26603333.3333333	211
20221002 160714	binary	custom	TRUE	TRUE	FALSE	-100	-1	0	0	0	31	2603	TRUE	909463	0.00503399693417916	0.358773681488395	930	17	9926	26470000	26570000	212
20221002 161332	binary	custom	TRUE	TRUE	FALSE	-100	-1	0	0	0	31	975	TRUE	637597	0.00503399693417916	0.358773681488395	930	17	9926	27030000	26662000	213
20221002 161746	binary	custom	TRUE	TRUE	FALSE	-100	-1	0	0	0	31	256	TRUE	807299	0.016181646168078	0.425492315308818	37	246	8318	26810000	26810000	214
20221002 162316	binary	custom	TRUE	TRUE	FALSE	-100	-1	0	0	0	31	448	TRUE	962041	0.016181646168078	0.425492315308818	37	246	8318	27210000	27010000	215
20221002 162748	binary	custom	TRUE	TRUE	FALSE	-100	-1	0	0	0	31	309	TRUE	705689	0.016181646168078	0.425492315308818	37	246	8318	26970000	26996666.6666667	216
20221002 163532	binary	custom	TRUE	TRUE	FALSE	-100	-1	0	0	0	31	789	TRUE	909463	0.016181646168078	0.425492315308818	37	246	8318	26490000	26870000	217
20221002 163913	binary	custom	TRUE	TRUE	FALSE	-100	-1	0	0	0	31	182	TRUE	637597	0.016181646168078	0.425492315308818	37	246	8318	26170000	26730000	218
20221002 164646	binary	custom	TRUE	TRUE	FALSE	-100	-1	0	0	0	31	521	TRUE	807299	0.00798691519994147	0.42357489735391	820	154	5005	25030000	25030000	219
20221002 165824	binary	custom	TRUE	TRUE	FALSE	-100	-1	0	0	0	31	1242	TRUE	962041	0.00798691519994147	0.42357489735391	820	154	5005	24710000	24870000	220
20221002 171058	binary	custom	TRUE	TRUE	FALSE	-100	-1	0	0	0	31	1328	TRUE	705689	0.00798691519994147	0.42357489735391	820	154	5005	24550000	24763333.3333333	221
20221002 172043	binary	custom	TRUE	TRUE	FALSE	-100	-1	0	0	0	31	886	TRUE	909463	0.00798691519994147	0.42357489735391	820	154	5005	24790000	24770000	222
20221002 172927	binary	custom	TRUE	TRUE	FALSE	-100	-1	0	0	0	31	723	TRUE	637597	0.00798691519994147	0.42357489735391	820	154	5005	24710000	24758000	223
20221002 173041	binary	custom	TRUE	TRUE	FALSE	-100	-1	0	0	0	31	224	TRUE	807299	0.0714258884524589	0.238459941433036	6050	395	10206	26390000	26390000	224
20221002 173153	binary	custom	TRUE	TRUE	FALSE	-100	-1	0	0	0	31	225	TRUE	962041	0.0714258884524589	0.238459941433036	6050	395	10206	26550000	26470000	225
20221002 173254	binary	custom	TRUE	TRUE	FALSE	-100	-1	0	0	0	31	165	TRUE	705689	0.0714258884524589	0.238459941433036	6050	395	10206	27190000	26710000	226
20221002 173416	binary	custom	TRUE	TRUE	FALSE	-100	-1	0	0	0	31	275	TRUE	909463	0.0714258884524589	0.238459941433036	6050	395	10206	26470000	26650000	227
20221002 173553	binary	custom	TRUE	TRUE	FALSE	-100	-1	0	0	0	31	343	TRUE	637597	0.0714258884524589	0.238459941433036	6050	395	10206	26550000	26630000	228
20221002 175359	binary	custom	TRUE	TRUE	FALSE	-100	-1	0	0	0	31	2474	TRUE	807299	0.0051161761823907	0.287714637081545	1145	1024	7592	27220000	27220000	229
20221002 180406	binary	custom	TRUE	TRUE	FALSE	-100	-1	0	0	0	31	1067	TRUE	962041	0.0051161761823907	0.287714637081545	1145	1024	7592	26980000	27100000	230
20221002 181240	binary	custom	TRUE	TRUE	FALSE	-100	-1	0	0	0	31	692	TRUE	705689	0.0051161761823907	0.287714637081545	1145	1024	7592	26820000	27006666.6666667	231
20221002 182309	binary	custom	TRUE	TRUE	FALSE	-100	-1	0	0	0	31	1140	TRUE	909463	0.0051161761823907	0.287714637081545	1145	1024	7592	26420000	26860000	232
20221002 183048	binary	custom	TRUE	TRUE	FALSE	-100	-1	0	0	0	31	570	TRUE	637597	0.0051161761823907	0.287714637081545	1145	1024	7592	26660000	26820000	233
20221002 183223	binary	custom	TRUE	TRUE	FALSE	-100	-1	0	0	0	31	263	TRUE	807299	0.0316151332973488	0.201756266949863	7322	299	8814	26140000	26140000	234
20221002 183414	binary	custom	TRUE	TRUE	FALSE	-100	-1	0	0	0	31	385	TRUE	962041	0.0316151332973488	0.201756266949863	7322	299	8814	26940000	26540000	235
20221002 183558	binary	custom	TRUE	TRUE	FALSE	-100	-1	0	0	0	31	347	TRUE	705689	0.0316151332973488	0.201756266949863	7322	299	8814	27020000	26700000	236
20221002 183723	binary	custom	TRUE	TRUE	FALSE	-100	-1	0	0	0	31	253	TRUE	909463	0.0316151332973488	0.201756266949863	7322	299	8814	26140000	26560000	237
20221002 183840	binary	custom	TRUE	TRUE	FALSE	-100	-1	0	0	0	31	207	TRUE	637597	0.0316151332973488	0.201756266949863	7322	299	8814	26780000	26604000	238
20221002 183922	binary	custom	TRUE	TRUE	FALSE	-100	-1	0	0	0	31	54	TRUE	807299	0.0753173189061104	0.227856311751734	1786	438	8777	26530000	26530000	239
20221002 184023	binary	custom	TRUE	TRUE	FALSE	-100	-1	0	0	0	31	131	TRUE	962041	0.0753173189061104	0.227856311751734	1786	438	8777	26770000	26650000	240
20221002 184151	binary	custom	TRUE	TRUE	FALSE	-100	-1	0	0	0	31	253	TRUE	705689	0.0753173189061104	0.227856311751734	1786	438	8777	26930000	26743333.3333333	241
20221002 184243	binary	custom	TRUE	TRUE	FALSE	-100	-1	0	0	0	31	99	TRUE	909463	0.0753173189061104	0.227856311751734	1786	438	8777	26290000	26630000	242
20221002 184334	binary	custom	TRUE	TRUE	FALSE	-100	-1	0	0	0	31	94	TRUE	637597	0.0753173189061104	0.227856311751734	1786	438	8777	26210000	26546000	243
20221002 184518	binary	custom	TRUE	TRUE	FALSE	-100	-1	0	0	0	31	303	TRUE	807299	0.0783672676884721	0.531555293147907	7992	579	9153	26660000	26660000	244
20221002 184727	binary	custom	TRUE	TRUE	FALSE	-100	-1	0	0	0	31	430	TRUE	962041	0.0783672676884721	0.531555293147907	7992	579	9153	26820000	26740000	245
20221002 184922	binary	custom	TRUE	TRUE	FALSE	-100	-1	0	0	0	31	363	TRUE	705689	0.0783672676884721	0.531555293147907	7992	579	9153	27380000	26953333.3333333	246
20221002 185025	binary	custom	TRUE	TRUE	FALSE	-100	-1	0	0	0	31	141	TRUE	909463	0.0783672676884721	0.531555293147907	7992	579	9153	26180000	26760000	247
20221002 185127	binary	custom	TRUE	TRUE	FALSE	-100	-1	0	0	0	31	136	TRUE	637597	0.0783672676884721	0.531555293147907	7992	579	9153	26500000	26708000	248
20221002 185355	binary	custom	TRUE	TRUE	FALSE	-100	-1	0	0	0	31	345	TRUE	807299	0.0259043906747991	0.546988097526647	7726	1002	6520	25280000	25280000	249
20221002 185749	binary	custom	TRUE	TRUE	FALSE	-100	-1	0	0	0	31	737	TRUE	962041	0.0259043906747991	0.546988097526647	7726	1002	6520	25760000	25520000	250
20221002 190048	binary	custom	TRUE	TRUE	FALSE	-100	-1	0	0	0	31	483	TRUE	705689	0.0259043906747991	0.546988097526647	7726	1002	6520	26240000	25760000	251
20221002 190442	binary	custom	TRUE	TRUE	FALSE	-100	-1	0	0	0	31	726	TRUE	909463	0.0259043906747991	0.546988097526647	7726	1002	6520	25840000	25780000	252
20221002 190639	binary	custom	TRUE	TRUE	FALSE	-100	-1	0	0	0	31	220	TRUE	637597	0.0259043906747991	0.546988097526647	7726	1002	6520	25040000	25632000	253
20221002 190922	binary	custom	TRUE	TRUE	FALSE	-100	-1	0	0	0	31	320	TRUE	807299	0.0171492587018808	0.201266792683902	1565	1024	9545	26910000	26910000	254
20221002 191229	binary	custom	TRUE	TRUE	FALSE	-100	-1	0	0	0	31	466	TRUE	962041	0.0171492587018808	0.201266792683902	1565	1024	9545	27230000	27070000	255
20221002 191506	binary	custom	TRUE	TRUE	FALSE	-100	-1	0	0	0	31	315	TRUE	705689	0.0171492587018808	0.201266792683902	1565	1024	9545	27230000	27123333.3333333	256
20221002 191708	binary	custom	TRUE	TRUE	FALSE	-100	-1	0	0	0	31	168	TRUE	909463	0.0171492587018808	0.201266792683902	1565	1024	9545	26510000	26970000	257
20221002 192159	binary	custom	TRUE	TRUE	FALSE	-100	-1	0	0	0	31	699	TRUE	637597	0.0171492587018808	0.201266792683902	1565	1024	9545	27710000	27118000	258
20221002 192632	binary	custom	TRUE	TRUE	FALSE	-100	-1	0	0	0	31	230	TRUE	807299	0.0177017034339282	0.419989956478581	400	1024	9050	26700000	26700000	259
20221002 193516	binary	custom	TRUE	TRUE	FALSE	-100	-1	0	0	0	31	756	TRUE	962041	0.0177017034339282	0.419989956478581	400	1024	9050	27180000	26940000	260
20221002 193850	binary	custom	TRUE	TRUE	FALSE	-100	-1	0	0	0	31	120	TRUE	705689	0.0177017034339282	0.419989956478581	400	1024	9050	26780000	26886666.6666667	261
20221002 194447	binary	custom	TRUE	TRUE	FALSE	-100	-1	0	0	0	31	417	TRUE	909463	0.0177017034339282	0.419989956478581	400	1024	9050	26380000	26760000	262
20221002 194831	binary	custom	TRUE	TRUE	FALSE	-100	-1	0	0	0	31	143	TRUE	637597	0.0177017034339282	0.419989956478581	400	1024	9050	26460000	26700000	263
20221002 194912	binary	custom	TRUE	TRUE	FALSE	-100	-1	0	0	0	31	108	TRUE	807299	0.111516656003183	0.999507746158137	6647	445	9445	26470000	26470000	264
20221002 195006	binary	custom	TRUE	TRUE	FALSE	-100	-1	0	0	0	31	189	TRUE	962041	0.111516656003183	0.999507746158137	6647	445	9445	26150000	26310000	265
20221002 195041	binary	custom	TRUE	TRUE	FALSE	-100	-1	0	0	0	31	78	TRUE	705689	0.111516656003183	0.999507746158137	6647	445	9445	26150000	26256666.6666667	266
20221002 195116	binary	custom	TRUE	TRUE	FALSE	-100	-1	0	0	0	31	89	TRUE	909463	0.111516656003183	0.999507746158137	6647	445	9445	25750000	26130000	267
20221002 195158	binary	custom	TRUE	TRUE	FALSE	-100	-1	0	0	0	31	128	TRUE	637597	0.111516656003183	0.999507746158137	6647	445	9445	26550000	26214000	268
20221002 195904	binary	custom	TRUE	TRUE	FALSE	-100	-1	0	0	0	31	1807	TRUE	807299	0.0108771290020602	0.20023251491812	7075	1024	9864	26840000	26840000	269
20221002 200508	binary	custom	TRUE	TRUE	FALSE	-100	-1	0	0	0	31	1541	TRUE	962041	0.0108771290020602	0.20023251491812	7075	1024	9864	26680000	26760000	270
20221002 200906	binary	custom	TRUE	TRUE	FALSE	-100	-1	0	0	0	31	777	TRUE	705689	0.0108771290020602	0.20023251491812	7075	1024	9864	26920000	26813333.3333333	271
20221002 201339	binary	custom	TRUE	TRUE	FALSE	-100	-1	0	0	0	31	982	TRUE	909463	0.0108771290020602	0.20023251491812	7075	1024	9864	26200000	26660000	272
20221002 201913	binary	custom	TRUE	TRUE	FALSE	-100	-1	0	0	0	31	1349	TRUE	637597	0.0108771290020602	0.20023251491812	7075	1024	9864	26600000	26648000	273
20221002 201936	binary	custom	TRUE	TRUE	FALSE	-100	-1	0	0	0	31	19	TRUE	807299	0.299922724145887	0.998425370251672	7995	748	5034	23540000	23540000	274
20221002 201957	binary	custom	TRUE	TRUE	FALSE	-100	-1	0	0	0	31	47	TRUE	962041	0.299922724145887	0.998425370251672	7995	748	5034	23220000	23380000	275
20221002 202015	binary	custom	TRUE	TRUE	FALSE	-100	-1	0	0	0	31	21	TRUE	705689	0.299922724145887	0.998425370251672	7995	748	5034	23700000	23486666.6666667	276
20221002 202045	binary	custom	TRUE	TRUE	FALSE	-100	-1	0	0	0	31	92	TRUE	909463	0.299922724145887	0.998425370251672	7995	748	5034	23940000	23600000	277
20221002 202111	binary	custom	TRUE	TRUE	FALSE	-100	-1	0	0	0	31	64	TRUE	637597	0.299922724145887	0.998425370251672	7995	748	5034	23380000	23556000	278
20221002 202210	binary	custom	TRUE	TRUE	FALSE	-100	-1	0	0	0	31	110	TRUE	807299	0.0656670490087417	0.210914109917315	1584	1024	9517	26570000	26570000	279
20221002 202308	binary	custom	TRUE	TRUE	FALSE	-100	-1	0	0	0	31	117	TRUE	962041	0.0656670490087417	0.210914109917315	1584	1024	9517	26330000	26450000	280
20221002 202408	binary	custom	TRUE	TRUE	FALSE	-100	-1	0	0	0	31	125	TRUE	705689	0.0656670490087417	0.210914109917315	1584	1024	9517	27210000	26703333.3333333	281
20221002 202533	binary	custom	TRUE	TRUE	FALSE	-100	-1	0	0	0	31	230	TRUE	909463	0.0656670490087417	0.210914109917315	1584	1024	9517	26330000	26610000	282
20221002 202616	binary	custom	TRUE	TRUE	FALSE	-100	-1	0	0	0	31	47	TRUE	637597	0.0656670490087417	0.210914109917315	1584	1024	9517	26650000	26618000	283
20221002 202820	binary	custom	TRUE	TRUE	FALSE	-100	-1	0	0	0	31	157	TRUE	807299	0.0316686927308278	0.640838024230827	906	383	9216	26770000	26770000	284
20221002 203029	binary	custom	TRUE	TRUE	FALSE	-100	-1	0	0	0	31	186	TRUE	962041	0.0316686927308278	0.640838024230827	906	383	9216	26850000	26810000	285
20221002 203229	binary	custom	TRUE	TRUE	FALSE	-100	-1	0	0	0	31	159	TRUE	705689	0.0316686927308278	0.640838024230827	906	383	9216	27090000	26903333.3333333	286
20221002 203447	binary	custom	TRUE	TRUE	FALSE	-100	-1	0	0	0	31	209	TRUE	909463	0.0316686927308278	0.640838024230827	906	383	9216	26130000	26710000	287
20221002 203617	binary	custom	TRUE	TRUE	FALSE	-100	-1	0	0	0	31	58	TRUE	637597	0.0316686927308278	0.640838024230827	906	383	9216	26690000	26706000	288
20221002 204514	binary	custom	TRUE	TRUE	FALSE	-100	-1	0	0	0	31	1852	TRUE	807299	0.00644642978718468	0.886761480179759	7634	20	9244	26080000	26080000	289
20221002 205242	binary	custom	TRUE	TRUE	FALSE	-100	-1	0	0	0	31	1487	TRUE	962041	0.00644642978718468	0.886761480179759	7634	20	9244	2.6e+07	26040000	290
20221002 210011	binary	custom	TRUE	TRUE	FALSE	-100	-1	0	0	0	31	1493	TRUE	705689	0.00644642978718468	0.886761480179759	7634	20	9244	26640000	26240000	291
20221002 210716	binary	custom	TRUE	TRUE	FALSE	-100	-1	0	0	0	31	1384	TRUE	909463	0.00644642978718468	0.886761480179759	7634	20	9244	25600000	26080000	292
20221002 211734	binary	custom	TRUE	TRUE	FALSE	-100	-1	0	0	0	31	2372	TRUE	637597	0.00644642978718468	0.886761480179759	7634	20	9244	26960000	26256000	293
20221002 211801	binary	custom	TRUE	TRUE	FALSE	-100	-1	0	0	0	31	47	TRUE	807299	0.168687045884986	0.218484097721192	7994	384	8621	25560000	25560000	294
20221002 211849	binary	custom	TRUE	TRUE	FALSE	-100	-1	0	0	0	31	193	TRUE	962041	0.168687045884986	0.218484097721192	7994	384	8621	27080000	26320000	295
20221002 211929	binary	custom	TRUE	TRUE	FALSE	-100	-1	0	0	0	31	129	TRUE	705689	0.168687045884986	0.218484097721192	7994	384	8621	26600000	26413333.3333333	296
20221002 212016	binary	custom	TRUE	TRUE	FALSE	-100	-1	0	0	0	31	164	TRUE	909463	0.168687045884986	0.218484097721192	7994	384	8621	26760000	26500000	297
20221002 212037	binary	custom	TRUE	TRUE	FALSE	-100	-1	0	0	0	31	26	TRUE	637597	0.168687045884986	0.218484097721192	7994	384	8621	25800000	26360000	298
20221002 212059	binary	custom	TRUE	TRUE	FALSE	-100	-1	0	0	0	31	29	TRUE	807299	0.285257612803435	0.217912154207458	7992	16	9161	25600000	25600000	299
20221002 212122	binary	custom	TRUE	TRUE	FALSE	-100	-1	0	0	0	31	50	TRUE	962041	0.285257612803435	0.217912154207458	7992	16	9161	25280000	25440000	300
20221002 212152	binary	custom	TRUE	TRUE	FALSE	-100	-1	0	0	0	31	74	TRUE	705689	0.285257612803435	0.217912154207458	7992	16	9161	26240000	25706666.6666667	301
20221002 212223	binary	custom	TRUE	TRUE	FALSE	-100	-1	0	0	0	31	79	TRUE	909463	0.285257612803435	0.217912154207458	7992	16	9161	25440000	25640000	302
20221002 212245	binary	custom	TRUE	TRUE	FALSE	-100	-1	0	0	0	31	39	TRUE	637597	0.285257612803435	0.217912154207458	7992	16	9161	26080000	25728000	303
20221002 212321	binary	custom	TRUE	TRUE	FALSE	-100	-1	0	0	0	31	112	TRUE	807299	0.159517401938677	0.996695211922331	7987	888	8407	26150000	26150000	304
20221002 212354	binary	custom	TRUE	TRUE	FALSE	-100	-1	0	0	0	31	104	TRUE	962041	0.159517401938677	0.996695211922331	7987	888	8407	26470000	26310000	305
20221002 212428	binary	custom	TRUE	TRUE	FALSE	-100	-1	0	0	0	31	96	TRUE	705689	0.159517401938677	0.996695211922331	7987	888	8407	26790000	26470000	306
20221002 212509	binary	custom	TRUE	TRUE	FALSE	-100	-1	0	0	0	31	140	TRUE	909463	0.159517401938677	0.996695211922331	7987	888	8407	26870000	26570000	307
20221002 212542	binary	custom	TRUE	TRUE	FALSE	-100	-1	0	0	0	31	93	TRUE	637597	0.159517401938677	0.996695211922331	7987	888	8407	26390000	26534000	308
20221002 212617	binary	custom	TRUE	TRUE	FALSE	-100	-1	0	0	0	31	58	TRUE	807299	0.089804744745386	0.984574179530628	6224	1024	9423	25880000	25880000	309
20221002 212656	binary	custom	TRUE	TRUE	FALSE	-100	-1	0	0	0	31	100	TRUE	962041	0.089804744745386	0.984574179530628	6224	1024	9423	25960000	25920000	310
20221002 212756	binary	custom	TRUE	TRUE	FALSE	-100	-1	0	0	0	31	209	TRUE	705689	0.089804744745386	0.984574179530628	6224	1024	9423	27160000	26333333.3333333	311
20221002 212830	binary	custom	TRUE	TRUE	FALSE	-100	-1	0	0	0	31	68	TRUE	909463	0.089804744745386	0.984574179530628	6224	1024	9423	25880000	26220000	312
20221002 212916	binary	custom	TRUE	TRUE	FALSE	-100	-1	0	0	0	31	129	TRUE	637597	0.089804744745386	0.984574179530628	6224	1024	9423	26760000	26328000	313
20221002 212948	binary	custom	TRUE	TRUE	FALSE	-100	-1	0	0	0	31	74	TRUE	807299	0.19985257727975	0.993350755727805	7998	613	9272	26100000	26100000	314
20221002 213033	binary	custom	TRUE	TRUE	FALSE	-100	-1	0	0	0	31	176	TRUE	962041	0.19985257727975	0.993350755727805	7998	613	9272	25940000	26020000	315
20221002 213059	binary	custom	TRUE	TRUE	FALSE	-100	-1	0	0	0	31	64	TRUE	705689	0.19985257727975	0.993350755727805	7998	613	9272	25940000	25993333.3333333	316
20221002 213125	binary	custom	TRUE	TRUE	FALSE	-100	-1	0	0	0	31	78	TRUE	909463	0.19985257727975	0.993350755727805	7998	613	9272	26020000	2.6e+07	317
20221002 213155	binary	custom	TRUE	TRUE	FALSE	-100	-1	0	0	0	31	91	TRUE	637597	0.19985257727975	0.993350755727805	7998	613	9272	25540000	25908000	318
20221002 213233	binary	custom	TRUE	TRUE	FALSE	-100	-1	0	0	0	31	54	TRUE	807299	0.147952087378564	0.570511056972922	5611	1024	7963	25840000	25840000	319
20221002 213321	binary	custom	TRUE	TRUE	FALSE	-100	-1	0	0	0	31	110	TRUE	962041	0.147952087378564	0.570511056972922	5611	1024	7963	26160000	2.6e+07	320
20221002 213408	binary	custom	TRUE	TRUE	FALSE	-100	-1	0	0	0	31	109	TRUE	705689	0.147952087378564	0.570511056972922	5611	1024	7963	26240000	26080000	321
20221002 213456	binary	custom	TRUE	TRUE	FALSE	-100	-1	0	0	0	31	110	TRUE	909463	0.147952087378564	0.570511056972922	5611	1024	7963	26080000	26080000	322
20221002 213530	binary	custom	TRUE	TRUE	FALSE	-100	-1	0	0	0	31	51	TRUE	637597	0.147952087378564	0.570511056972922	5611	1024	7963	2.6e+07	26064000	323
20221002 213648	binary	custom	TRUE	TRUE	FALSE	-100	-1	0	0	0	31	289	TRUE	807299	0.0704726362997687	0.999953533111356	7996	702	10827	26110000	26110000	324
20221002 213722	binary	custom	TRUE	TRUE	FALSE	-100	-1	0	0	0	31	67	TRUE	962041	0.0704726362997687	0.999953533111356	7996	702	10827	25390000	25750000	325
20221002 213813	binary	custom	TRUE	TRUE	FALSE	-100	-1	0	0	0	31	162	TRUE	705689	0.0704726362997687	0.999953533111356	7996	702	10827	26190000	25896666.6666667	326
20221002 213929	binary	custom	TRUE	TRUE	FALSE	-100	-1	0	0	0	31	318	TRUE	909463	0.0704726362997687	0.999953533111356	7996	702	10827	26830000	26130000	327
20221002 214031	binary	custom	TRUE	TRUE	FALSE	-100	-1	0	0	0	31	230	TRUE	637597	0.0704726362997687	0.999953533111356	7996	702	10827	26910000	26286000	328
20221002 214104	binary	custom	TRUE	TRUE	FALSE	-100	-1	0	0	0	31	68	TRUE	807299	0.136718870813635	0.813948799602443	7828	743	9349	26430000	26430000	329
20221002 214130	binary	custom	TRUE	TRUE	FALSE	-100	-1	0	0	0	31	57	TRUE	962041	0.136718870813635	0.813948799602443	7828	743	9349	26430000	26430000	330
20221002 214209	binary	custom	TRUE	TRUE	FALSE	-100	-1	0	0	0	31	133	TRUE	705689	0.136718870813635	0.813948799602443	7828	743	9349	26830000	26563333.3333333	331
20221002 214247	binary	custom	TRUE	TRUE	FALSE	-100	-1	0	0	0	31	118	TRUE	909463	0.136718870813635	0.813948799602443	7828	743	9349	26590000	26570000	332
20221002 214322	binary	custom	TRUE	TRUE	FALSE	-100	-1	0	0	0	31	94	TRUE	637597	0.136718870813635	0.813948799602443	7828	743	9349	26350000	26526000	333
20221002 214405	binary	custom	TRUE	TRUE	FALSE	-100	-1	0	0	0	31	137	TRUE	807299	0.179954144512356	0.263994723538527	5814	16	9086	25910000	25910000	334
20221002 214427	binary	custom	TRUE	TRUE	FALSE	-100	-1	0	0	0	31	52	TRUE	962041	0.179954144512356	0.263994723538527	5814	16	9086	26790000	26350000	335
20221002 214450	binary	custom	TRUE	TRUE	FALSE	-100	-1	0	0	0	31	59	TRUE	705689	0.179954144512356	0.263994723538527	5814	16	9086	25670000	26123333.3333333	336
20221002 214526	binary	custom	TRUE	TRUE	FALSE	-100	-1	0	0	0	31	131	TRUE	909463	0.179954144512356	0.263994723538527	5814	16	9086	26630000	26250000	337
20221002 214558	binary	custom	TRUE	TRUE	FALSE	-100	-1	0	0	0	31	103	TRUE	637597	0.179954144512356	0.263994723538527	5814	16	9086	26310000	26262000	338
20221002 214703	binary	custom	TRUE	TRUE	FALSE	-100	-1	0	0	0	31	117	TRUE	807299	0.0346494954578633	0.219893710002764	3636	424	8285	26310000	26310000	339
20221002 214854	binary	custom	TRUE	TRUE	FALSE	-100	-1	0	0	0	31	373	TRUE	962041	0.0346494954578633	0.219893710002764	3636	424	8285	26150000	26230000	340
20221002 214956	binary	custom	TRUE	TRUE	FALSE	-100	-1	0	0	0	31	100	TRUE	705689	0.0346494954578633	0.219893710002764	3636	424	8285	26630000	26363333.3333333	341
20221002 215217	binary	custom	TRUE	TRUE	FALSE	-100	-1	0	0	0	31	370	TRUE	909463	0.0346494954578633	0.219893710002764	3636	424	8285	26710000	26450000	342
20221002 215334	binary	custom	TRUE	TRUE	FALSE	-100	-1	0	0	0	31	170	TRUE	637597	0.0346494954578633	0.219893710002764	3636	424	8285	27110000	26582000	343
20221002 220434	binary	custom	TRUE	TRUE	FALSE	-100	-1	0	0	0	31	2270	TRUE	807299	0.00501105693643625	0.983575876525239	7997	596	9184	26200000	26200000	344
20221002 221246	binary	custom	TRUE	TRUE	FALSE	-100	-1	0	0	0	31	1656	TRUE	962041	0.00501105693643625	0.983575876525239	7997	596	9184	25880000	26040000	345
20221002 222047	binary	custom	TRUE	TRUE	FALSE	-100	-1	0	0	0	31	1462	TRUE	705689	0.00501105693643625	0.983575876525239	7997	596	9184	26600000	26226666.6666667	346
20221002 223133	binary	custom	TRUE	TRUE	FALSE	-100	-1	0	0	0	31	2264	TRUE	909463	0.00501105693643625	0.983575876525239	7997	596	9184	25800000	26120000	347
