Feature	Gain	Cover	Frequency
ctrx_quarter_normalizado	0.13650242264401	0.0239055056751549	0.0163709390411307
n_n_Total_Ingresos_rnk	0.0623518908525691	0.0110400032727018	0.00864304235090752
n_mpayroll_sobre_edad	0.0404332346100491	0.0441230891539757	0.013828867761452
n_mpasivos_margen_rnk	0.0399417905391206	0.0100136055462346	0.0121511007168641
n_mcaja_ahorro_rnk	0.0374507731009253	0.00989347770911561	0.0113884793329605
cpayroll_trx	0.0300516493069595	0.0270211917142259	0.00874472520209467
n_n_Saldo_antes_pagos_rnk	0.0254459276255934	0.0245735506091602	0.0163709390411307
n_mtarjeta_visa_consumo_rnk	0.0253659765267186	0.0152589404359477	0.0102699679699019
n_mcuentas_saldo_rnk	0.0238177796089103	0.0112566923940827	0.0126086735472063
n_mprestamos_personales_rnk	0.0200494613478204	0.0144958692729398	0.0109817479282119
n_n_mprestamos_rnk	0.0195662246015325	0.0142114139205041	0.0122019421424577
n_mrentabilidad_annual_rnk	0.0172974854878036	0.0288187429249836	0.022776958665921
n_n_mtotal_ganacia_banco_rnk	0.0161342434482409	0.0170848616307948	0.0215059230260817
n_n_mpayroll_rnk	0.0134521663601389	0.0154932181063379	0.00671106817835172
n_mv_mpagominimo_rnk	0.0131885193613197	0.00886254691339905	0.0105241750978697
Visa_status	0.0128694758693645	0.0159396953871791	0.00904977375565611
n_mv_msaldototal_rnk	0.0112223264274562	0.0119919132688131	0.00828715237175251
Visa_fechaalta	0.0109386756443857	0.0182412448926857	0.0183537546392801
n_mcuentas_saldo_por_com	0.0105714148307219	0.00318414920323768	0.013117087803142
n_mv_msaldopesos_rnk	0.00927668968657491	0.00174570479447234	0.00401647262189232
Master_status	0.00921965433116691	0.0100835316691318	0.00508414255935736
active_quarter	0.009218815714289	0.000581650762317604	0.00127103563983934
Master_Fvencimiento	0.00903469664525499	0.00362300077414549	0.0164726218923179
cdescubierto_preacordado	0.00874334943888739	0.0178518470345131	0.00915145660684326
n_mcomisiones_mantenimiento_rnk	0.00860171006043227	0.0202711121474453	0.012405307844832
n_mautoservicio_rnk	0.00857826427699806	0.0138638095188801	0.00828715237175251
n_mcuenta_corriente_rnk	0.00827779225353333	0.0098203733309064	0.0147948548477299
n_mrentabilidad_rnk	0.00811151223484817	0.00669009825882707	0.0105241750978697
n_n_dif_saldo_y_tranf_emitidas_rnk	0.00804568934643237	0.0129530501186019	0.0121002592912705
ctarjeta_visa_transacciones	0.00795270542225002	0.00554010304979161	0.00833799379734608
ccajas_consultas	0.0077725189044313	0.0127519038072251	0.00843967664853323
cliente_edad	0.00755255221236148	0.00368060289664807	0.0155574762316335
n_mpayroll_rnk	0.00733179252880303	0.00797456400818297	0.00671106817835172
Master_fechaalta	0.00731207527703739	0.0178883504082597	0.0156591590828207
numero_de_cliente	0.00684713369193399	0.00212192851401463	0.0139813920382328
ccaja_seguridad	0.00627080232929497	0.0265688085260658	0.00996491941634043
Visa_Fvencimiento	0.00627072077839637	0.00125559709760884	0.0122527835680512
n_n_munitario_prestamos_personales_rnk	0.00620095820180327	0.00132465355612719	0.00416899689867304
ccomisiones_otras	0.00603914395107774	0.0104508845116076	0.0126086735472063
n_edad_de_alta	0.00601682855221741	0.00185541618518827	0.0137271849102649
cprestamos_personales	0.00597542517326089	0.015885226459658	0.00671106817835172
ccallcenter_transacciones	0.00594338487534686	0.0192960862017821	0.0129645635263613
n_mactivos_margen_rnk	0.00590408658681719	0.0106470997208155	0.0121511007168641
n_n_munitario_prestamos_personales_nonull_rnk	0.00580910924004168	0.0203367485268779	0.00706695815750674
cliente_antiguedad	0.00544215097974999	0.00329455902907653	0.0128120392495806
ccomisiones_mantenimiento	0.0054189359754962	0.0141338065132659	0.00645686105038385
chomebanking_transacciones	0.00537591827121713	0.00488517067196479	0.0101174436931212
Visa_cconsumos	0.00520902582603056	0.00259770251974274	0.0108800650770248
ctarjeta_debito_transacciones	0.00501233880117934	0.00131437229071571	0.00615181249682241
n_mcuenta_debitos_automaticos_rnk	0.00491487174651718	0.0109361256927759	0.00910061518124968
n_mcomisiones_otras_rnk	0.004839599784955	0.00334537806982626	0.00706695815750674
n_antig_segun_edad	0.00473267131411546	0.00261262349718578	0.00940566373481112
n_tarjetas_cierre_tot	0.00471311633873	0.00308985745762243	0.00198281559814937
n_mv_Fvencimiento_rnk	0.00454973287639591	0.00326606137405067	0.00854135949972037
n_Visa_mpagominimo_rnk	0.0045281282713408	0.00416439163316298	0.00701611673191316
cproductos	0.0044919348004668	0.0126105420403586	0.00818546952056536
internet	0.00432821023350931	0.00952063201235059	0.00528750826173166
n_mcomisiones_rnk	0.00431476629640735	0.00098213796782878	0.00589760536885454
n_mcaja_ahorro_dolares_rnk	0.0041653102263622	0.00325061469275168	0.00986323656515329
n_Visa_mfinanciacion_limite_rnk	0.00405266065581922	0.00103403094645568	0.00711779958310031
n_tarjetas_deuda_saldopendiente	0.00395105572812087	0.0015106355642762	0.00879556662768824
n_Visa_msaldototal_rnk	0.00395004838177449	0.000761450493120581	0.00284711983324012
tmobile_app	0.00363040875896487	0.0165425019746714	0.00701611673191316
n_mttarjeta_visa_debitos_automaticos_rnk	0.0034347974087911	0.00114589922499206	0.00691443388072602
ctransferencias_recibidas	0.00333430407143963	0.00756330588166877	0.00737200671106818
ctarjeta_master_transacciones	0.00329903760972839	0.00543107657609944	0.00564339824088668
n_Master_mfinanciacion_limite_rnk	0.00329115845060873	0.00040160319969682	0.00584676394326097
n_mv_mpagospesos_rnk	0.00305075714104393	0.0048622304577019	0.00589760536885454
n_mtransferencias_emitidas_rnk	0.00301787528866057	0.00251569722424669	0.00574508109207382
n_mv_fechaalta_rnk	0.00297247292244795	0.000902971473154892	0.00599928822004169
n_mv_mfinanciacion_limite_rnk	0.00296848884908843	0.000743352762376549	0.00772789669022319
ccajas_transacciones	0.0028858700845373	0.000468450200009139	0.00122019421424577
cpagomiscuentas	0.00287892057924529	0.00179703301695684	0.00569423966648025
n_n_mcomisiones_rnk	0.00276379015824797	0.00222927123335673	0.00442320402664091
n_mtarjeta_master_consumo_rnk	0.00273848045261939	0.0121539607314059	0.00523666683613809
n_visa_deuda_saldopendiente	0.00261819815024236	0.0076370125662958	0.00706695815750674
n_Visa_mconsumospesos_rnk	0.00255078270654671	0.00269054632673758	0.00518582541054451
n_n_transferencias_saldo_rnk	0.00246100954405411	0.00107193419447009	0.0046265697290152
n_Visa_msaldopesos_rnk	0.00242242500811473	0.00160568131942199	0.00391478977070517
ctarjeta_visa_debitos_automaticos	0.00236077657827528	0.000919439521945461	0.00396563119629874
n_n_tarjetas_saldo_total_rnk	0.00235121075687428	0.00785472155315726	0.00452488687782806
ctransferencias_emitidas	0.00233686061407038	0.000627304387179821	0.00477909400579592
n_mextraccion_autoservicio_rnk	0.00231146823919965	0.000916325853107186	0.00472825258020235
n_mv_cconsumos_rnk	0.00226968537883758	0.00120234780303357	0.0048299354313895
n_mtransferencias_recibidas_rnk	0.00219851578640454	0.0023537443883479	0.00472825258020235
n_n_munitario_visa_consumos_nonull_rnk	0.00218563191348287	0.000826266774537894	0.00421983832426661
Master_cconsumos	0.0021836497712105	0.00216176334819692	0.00447404545223448
thomebanking	0.00213965570532446	0.0146431519672353	0.00594844679444812
n_mv_mlimitecompra_rnk	0.00210853181407079	0.000610519414064661	0.00549087396410595
ccaja_ahorro	0.00209724398278457	0.00348652354710632	0.00472825258020235
n_mplazo_fijo_dolares_rnk	0.00198412446157339	0.0204528509744713	0.00706695815750674
n_Visa_mpagospesos_rnk	0.00196519683604736	0.000505752643616744	0.00452488687782806
n_Master_mpagospesos_rnk	0.00187951538227741	0.0067503964911052	0.0046265697290152
ccuenta_debitos_automaticos	0.00185161578599507	0.0159716972339076	0.00605012964563526
n_master_deuda_saldopendiente	0.00181469090027181	0.00349785622022971	0.00376226549392445
n_matm_rnk	0.00179842651057059	0.000547230677851654	0.00310132696120799
n_mpagomiscuentas_rnk	0.00178211719524905	0.00220758820231508	0.00371142406833088
n_n_munitario_visa_consumos_rnk	0.00175513079933042	0.000235832251792777	0.00391478977070517
n_visa_status_bin	0.00172585452478428	0.00303000081658331	0.00218618130052367
n_mv_mconsumospesos_rnk	0.00171781951058226	0.00267631176832932	0.00396563119629874
tcallcenter	0.00165442529158109	0.00296425479034646	0.0028979612588337
n_Visa_mlimitecompra_rnk	0.00165296840367404	0.00109246968909474	0.00411815547307947
cextraccion_autoservicio	0.00164744936878147	0.0010638759053638	0.00294880268442727
n_mcaja_ahorro_adicional_rnk	0.00163391006819728	0.00142890964282932	0.00477909400579592
n_Visa_mconsumosdolares_rnk	0.00158696835790733	0.000482361826048746	0.0036605826427373
n_n_Total_Egresos_rnk	0.00153193357075903	0.00223235335996365	0.00315216838680157
Master_fultimo_cierre	0.0014983720633423	0.0000863010470047168	0.00310132696120799
n_n_minversion_rnk	0.00149578036706516	0.0237914024042252	0.00645686105038385
ctarjeta_debito	0.00144213084955696	0.00145080295541335	0.00406731404748589
ctarjeta_master	0.00140939595054406	0.000802826390606334	0.00142355991662006
n_matm_other_rnk	0.00138573507047432	0.000373417962962505	0.00310132696120799
catm_trx_other	0.00138371657844114	0.000489897415321117	0.00335553408917586
cmobile_app_trx	0.00136249206940746	0.0151891615101302	0.00503330113376379
n_mtarjeta_visa_descuentos_rnk	0.0013271336628256	0.000386321739609694	0.0028979612588337
n_Visa_msaldodolares_rnk	0.00131432371070969	0.00250173753385454	0.00396563119629874
n_Visa_mconsumototal_rnk	0.00130007693426204	0.00169994753084995	0.00188113274696223
n_Master_mpagominimo_rnk	0.00119046012863794	0.000323624795737391	0.00218618130052367
n_mttarjeta_master_debitos_automaticos_rnk	0.00118182820395785	0.000484673421003934	0.00228786415171081
n_Master_mlimitecompra_rnk	0.00117895357243882	0.000480359645363063	0.00381310691951802
n_Master_msaldototal_rnk	0.0011505610417306	0.000959634838771839	0.00310132696120799
cseguro_auto	0.00113941184644216	0.000409497769602258	0.00294880268442727
cpagodeservicios	0.00113051292717346	0.000319841229985527	0.00122019421424577
n_master_status_bin	0.00112363239737579	0.00206810094519781	0.00116935278865219
n_mv_fultimo_cierre_rnk	0.00109455077705335	0.000121086120147802	0.0019319741725558
n_mcajeros_propios_descuentos_rnk	0.00107913442442949	0.000255346378925855	0.00213533987493009
n_mv_mconsumototal_rnk	0.00106742713559184	0.000750976970298925	0.00249122985408511
Master_cadelantosefectivo	0.00105411167629501	0.00180879977126415	0.00162692561899436
n_mv_mpagado_rnk	0.00101043896709105	0.0000899193915447096	0.00122019421424577
n_Master_mconsumospesos_rnk	0.00100265396114476	0.000666927437808716	0.00208449844933652
ccajeros_propios_descuentos	0.0009948584605566	0.000185345155477802	0.00213533987493009
ccajas_depositos	0.000983480343938336	0.00215384624812623	0.00284711983324012
catm_trx	0.000980211159678645	0.00789432958367598	0.00340637551476943
n_Visa_mpagosdolares_rnk	0.000963751797470507	0.00017222659125518	0.00167776704458793
n_ctrx_quarter_normalizado	0.000963622319022286	0.000709814358377588	0.00294880268442727
n_mv_msaldodolares_rnk	0.000909555889093083	0.000439147467078164	0.00249122985408511
Visa_fultimo_cierre	0.000908411148469803	0.000388298386108088	0.00218618130052367
n_minversion2_rnk	0.000859844519437898	0.0116554718130675	0.00345721694036301
n_Master_msaldopesos_rnk	0.000836295064988698	0.00100791097486977	0.00183029132136865
ctarjeta_master_debitos_automaticos	0.000821845087599102	0.0000159723851549534	0.000965987086277899
tcuentas	0.000758685611748023	0.00583118677684534	0.00254207127967868
n_Master_mpagado_rnk	0.000752483965307757	0.00118184234862926	0.00152524276780721
n_mplazo_fijo_pesos_rnk	0.000720883992743851	0.002561446977814	0.00203365702374295
n_Visa_mpagado_rnk	0.000710159564394893	0.00867022641875823	0.00305048553561442
n_mv_mconsumosdolares_rnk	0.000698342778558958	0.000701155264864488	0.00132187706543291
n_Master_mconsumototal_rnk	0.000691072039583728	0.000305193618547582	0.0019319741725558
n_mforex_buy_rnk	0.000672833390512967	0.00139106046721152	0.00177944989577508
ccheques_depositados	0.000669864794292679	0.00409693631838877	0.00208449844933652
Visa_Finiciomora	0.000654258292231346	0.000302405886099999	0.000813462809497178
ctarjeta_visa	0.000651981026096968	0.00223290760202893	0.00152524276780721
n_mv_madelantopesos_rnk	0.000630891383618833	0.00150974937777617	0.00142355991662006
n_mcheques_emitidos_rechazados_rnk	0.000630122619501046	0.000502527825963209	0.00127103563983934
n_Master_msaldodolares_rnk	0.000616694125758475	0.000198624434879244	0.00147440134221364
n_mcheques_depositados_rnk	0.000611169700866289	0.0033338531392927	0.0017286084701815
cseguro_accidentes_personales	0.000580099244862314	0.0000684526500895098	0.00157608419340078
n_n_munitario_master_consumos_rnk	0.000568820636598899	0.000199588725952169	0.00147440134221364
ctarjeta_visa_descuentos	0.00055788457980402	0.00014429068834969	0.00147440134221364
n_mv_mpagosdolares_rnk	0.000508458540651753	0.000173046689270471	0.00106766993746505
ccajas_otras	0.000480023006890124	0.000357726453867734	0.00137271849102649
Master_Finiciomora	0.000473677502866298	0.00136402426890522	0.0017286084701815
n_n_monedas_saldo_rnk	0.000472595788755201	0.000397107680722889	0.00142355991662006
ccheques_emitidos_rechazados	0.000449993664395568	0.00467682071575037	0.0019319741725558
cplazo_fijo	0.000426380585092001	0.00267654157601492	0.00111851136305862
cforex_buy	0.000400955275287499	0.00108075850919507	0.00101682851187147
cforex_sell	0.00039065112915007	0.0000201690039364975	0.000406731404748589
n_tarjetas_minimos_pagado	0.000389342961634123	0.00000152904721532279	0.000610097107122884
cseguro_vida	0.00038860338117387	0.00768382724567417	0.00213533987493009
n_n_Total_Pagos_rnk	0.000382445135546432	0.000352413840900546	0.000915145660684326
n_n_munitario_prestamos_prendarios_nonull_rnk	0.000364636155203878	0.0000308347841683317	0.000660938532716457
n_minversion1_pesos_rnk	0.000329668080419998	0.0000712779328125178	0.000660938532716457
n_Master_madelantopesos_rnk	0.000328558549263403	0.00279228654498621	0.00111851136305862
n_n_munitario_prestamos_hipotecarios_rnk	0.000304519190701968	0.000183798084130275	0.000915145660684326
n_n_munitario_prestamos_prendarios_rnk	0.000284041159905046	0.000049437190614081	0.000711779958310031
n_Master_mconsumosdolares_rnk	0.000282115534287853	0.0000113041349140661	0.000305048553561442
n_mprestamos_prendarios_rnk	0.000269882980488069	0.0000391424071034499	0.000610097107122884
n_mtarjeta_master_descuentos_rnk	0.000264518362158795	0.00831574581069827	0.00183029132136865
n_mprestamos_hipotecarios_rnk	0.000260782096699874	0.0000881980869192086	0.000711779958310031
n_mforex_sell_rnk	0.00025949258451683	0.00541376139309527	0.00157608419340078
cinversion2	0.000255790766310071	0.000331695100931821	0.000915145660684326
n_n_munitario_master_consumos_nonull_rnk	0.000251806935163704	0.000130859705835528	0.000610097107122884
cseguro_vivienda	0.000251302822222253	0.0000370726359220012	0.000660938532716457
ccajas_extracciones	0.000250334220897706	0.00317034722400231	0.00137271849102649
n_visa_minimo_pagado	0.000231195903609444	0.00054456460829645	0.000610097107122884
n_Master_mpagosdolares_rnk	0.000204457225518404	0.00352945853202774	0.000864304235090752
ctarjeta_master_descuentos	0.000200746014739637	0.0000284480886622924	0.000305048553561442
ccheques_emitidos	0.000199642752362265	0.00309135796662843	0.000762621383903605
n_mv_Finiciomora_rnk	0.000196537823818381	0.000322196383260209	0.000864304235090752
n_n_munitario_prestamos_hipotecarios_nonull_rnk	0.000179751991202919	0.0000683910676378121	0.000406731404748589
n_mcheques_emitidos_rnk	0.000179296630471192	0.00333438184717069	0.000915145660684326
n_master_minimo_pagado	0.000171783273769128	0.00014982860296943	0.00055925568152931
cforex	0.000156107352660606	0.000320264797092325	0.000457572830342163
Visa_cadelantosefectivo	0.000151793180616388	0.000672306139260652	0.000457572830342163
cprestamos_prendarios	0.0001515511218721	0.0000525598715184583	0.000508414255935737
cinversion1	0.000145122730992741	0.0000234328738764744	0.000406731404748589
n_mpagodeservicios_rnk	0.000135247493261288	0.0000886531962573647	0.00055925568152931
n_mv_cadelantosefectivo_rnk	0.000103335659149437	0.000301596302161827	0.000355889979155016
Visa_delinquency	0.000100323206074366	0.000331870836220812	0.000254207127967868
cprestamos_hipotecarios	0.0000876421658549656	0.00000762270591135872	0.000101682851187147
n_Visa_madelantopesos_rnk	0.0000696106203856191	0.0000221681806001465	0.000203365702374295
n_mcheques_depositados_rechazados_rnk	0.0000439382232646538	0.00000665390880538308	0.0000508414255935737
Master_delinquency	0.0000375000257801748	0.00000272464798486792	0.000152524276780721
n_Master_madelantodolares_rnk	0.0000124030506673755	0.000000901206610209898	0.0000508414255935737
n_Visa_madelantodolares_rnk	0.00000699818370241547	0.000000139687024582534	0.0000508414255935737
